Percentile	1	2	3	4	5	6	7	8	9	10	11	12	13	14	15	16	17	18	19	20	21	22	23	24	25	26	27	28	29	30	31	32	33	34	35	36	37	38	39	40	41	42	43	44	45	46	47	48	49	50	51	52	53	54	55	56	57	58	59	60	61	62	63	64	65	66	67	68	69	70	71	72	73	74	75	76	77	78	79	80	81	82	83	84	85	86	87	88	89	90	91	92	93	94	95	96	97	98	99	100
SRR900275.Aligned.sortedByCoord.out	892.0	936.0	950.0	973.0	978.0	981.0	991.0	1023.0	1046.0	1069.0	1083.0	1120.0	1143.0	1155.0	1151.0	1158.0	1172.0	1172.0	1172.0	1178.0	1170.0	1149.0	1129.0	1112.0	1096.0	1112.0	1142.0	1175.0	1206.0	1278.0	1361.0	1436.0	1517.0	1645.0	1739.0	1811.0	1905.0	1993.0	2055.0	2138.0	2213.0	2285.0	2355.0	2443.0	2505.0	2632.0	2732.0	2814.0	2933.0	2959.0	3024.0	3103.0	3156.0	3220.0	3276.0	3346.0	3442.0	3478.0	3523.0	3580.0	3603.0	3648.0	3676.0	3710.0	3754.0	3817.0	3880.0	3927.0	3948.0	3970.0	4007.0	4057.0	4091.0	4147.0	4163.0	4195.0	4295.0	4357.0	4386.0	4404.0	4407.0	4394.0	4357.0	4283.0	4328.0	4312.0	4331.0	4335.0	4300.0	4268.0	4359.0	4395.0	4389.0	4455.0	4443.0	4425.0	4424.0	4388.0	4389.0
Percentile	1	2	3	4	5	6	7	8	9	10	11	12	13	14	15	16	17	18	19	20	21	22	23	24	25	26	27	28	29	30	31	32	33	34	35	36	37	38	39	40	41	42	43	44	45	46	47	48	49	50	51	52	53	54	55	56	57	58	59	60	61	62	63	64	65	66	67	68	69	70	71	72	73	74	75	76	77	78	79	80	81	82	83	84	85	86	87	88	89	90	91	92	93	94	95	96	97	98	99	100
SRR900276.Aligned.sortedByCoord.out	422.0	430.0	429.0	431.0	432.0	432.0	423.0	430.0	436.0	450.0	467.0	471.0	482.0	483.0	486.0	484.0	490.0	496.0	508.0	507.0	505.0	502.0	498.0	491.0	470.0	481.0	487.0	512.0	531.0	564.0	607.0	627.0	658.0	696.0	731.0	774.0	818.0	857.0	893.0	931.0	983.0	1033.0	1096.0	1171.0	1217.0	1296.0	1351.0	1420.0	1524.0	1556.0	1598.0	1652.0	1687.0	1723.0	1774.0	1820.0	1866.0	1888.0	1915.0	1965.0	1992.0	2029.0	2065.0	2090.0	2130.0	2172.0	2196.0	2248.0	2254.0	2281.0	2300.0	2313.0	2327.0	2381.0	2420.0	2446.0	2555.0	2637.0	2668.0	2743.0	2798.0	2847.0	2850.0	2842.0	2903.0	2904.0	2988.0	3020.0	3016.0	3030.0	3119.0	3188.0	3154.0	3230.0	3241.0	3234.0	3259.0	3223.0	3228.0
Percentile	1	2	3	4	5	6	7	8	9	10	11	12	13	14	15	16	17	18	19	20	21	22	23	24	25	26	27	28	29	30	31	32	33	34	35	36	37	38	39	40	41	42	43	44	45	46	47	48	49	50	51	52	53	54	55	56	57	58	59	60	61	62	63	64	65	66	67	68	69	70	71	72	73	74	75	76	77	78	79	80	81	82	83	84	85	86	87	88	89	90	91	92	93	94	95	96	97	98	99	100
SRR900277.Aligned.sortedByCoord.out	462.0	480.0	496.0	499.0	510.0	517.0	517.0	523.0	527.0	538.0	548.0	553.0	554.0	566.0	569.0	572.0	571.0	574.0	578.0	579.0	569.0	567.0	548.0	534.0	521.0	534.0	543.0	567.0	581.0	618.0	659.0	699.0	740.0	798.0	842.0	889.0	938.0	972.0	1022.0	1086.0	1143.0	1221.0	1272.0	1343.0	1384.0	1488.0	1543.0	1627.0	1737.0	1782.0	1849.0	1905.0	1949.0	1984.0	2037.0	2103.0	2174.0	2219.0	2269.0	2320.0	2341.0	2374.0	2425.0	2464.0	2517.0	2555.0	2600.0	2654.0	2681.0	2707.0	2752.0	2802.0	2827.0	2879.0	2913.0	2933.0	3046.0	3137.0	3201.0	3255.0	3303.0	3314.0	3316.0	3309.0	3346.0	3335.0	3397.0	3420.0	3421.0	3428.0	3582.0	3652.0	3641.0	3720.0	3750.0	3733.0	3782.0	3727.0	3732.0
Percentile	1	2	3	4	5	6	7	8	9	10	11	12	13	14	15	16	17	18	19	20	21	22	23	24	25	26	27	28	29	30	31	32	33	34	35	36	37	38	39	40	41	42	43	44	45	46	47	48	49	50	51	52	53	54	55	56	57	58	59	60	61	62	63	64	65	66	67	68	69	70	71	72	73	74	75	76	77	78	79	80	81	82	83	84	85	86	87	88	89	90	91	92	93	94	95	96	97	98	99	100
SRR900278.Aligned.sortedByCoord.out	574.0	592.0	606.0	600.0	612.0	617.0	621.0	621.0	627.0	642.0	648.0	657.0	666.0	675.0	687.0	696.0	705.0	711.0	714.0	703.0	693.0	684.0	674.0	667.0	647.0	676.0	693.0	711.0	729.0	786.0	838.0	885.0	934.0	982.0	1047.0	1090.0	1160.0	1229.0	1292.0	1343.0	1400.0	1452.0	1502.0	1561.0	1606.0	1700.0	1781.0	1876.0	1999.0	2044.0	2106.0	2163.0	2184.0	2233.0	2284.0	2346.0	2447.0	2487.0	2532.0	2587.0	2610.0	2636.0	2673.0	2712.0	2755.0	2795.0	2842.0	2888.0	2909.0	2960.0	3003.0	3051.0	3073.0	3123.0	3166.0	3173.0	3315.0	3397.0	3441.0	3471.0	3517.0	3553.0	3529.0	3506.0	3501.0	3496.0	3525.0	3494.0	3479.0	3479.0	3621.0	3686.0	3671.0	3734.0	3731.0	3734.0	3745.0	3698.0	3679.0
Percentile	1	2	3	4	5	6	7	8	9	10	11	12	13	14	15	16	17	18	19	20	21	22	23	24	25	26	27	28	29	30	31	32	33	34	35	36	37	38	39	40	41	42	43	44	45	46	47	48	49	50	51	52	53	54	55	56	57	58	59	60	61	62	63	64	65	66	67	68	69	70	71	72	73	74	75	76	77	78	79	80	81	82	83	84	85	86	87	88	89	90	91	92	93	94	95	96	97	98	99	100
SRR900279.Aligned.sortedByCoord.out	1262.0	1292.0	1299.0	1305.0	1311.0	1299.0	1297.0	1280.0	1302.0	1334.0	1346.0	1363.0	1369.0	1375.0	1378.0	1383.0	1398.0	1404.0	1407.0	1384.0	1381.0	1373.0	1337.0	1308.0	1266.0	1255.0	1254.0	1266.0	1285.0	1319.0	1371.0	1416.0	1466.0	1524.0	1556.0	1609.0	1657.0	1698.0	1755.0	1820.0	1909.0	1980.0	2046.0	2136.0	2206.0	2300.0	2366.0	2456.0	2594.0	2641.0	2706.0	2796.0	2840.0	2902.0	2990.0	3051.0	3148.0	3217.0	3271.0	3326.0	3361.0	3422.0	3474.0	3513.0	3564.0	3600.0	3627.0	3684.0	3696.0	3727.0	3759.0	3804.0	3827.0	3906.0	3960.0	3996.0	4087.0	4153.0	4223.0	4289.0	4343.0	4386.0	4375.0	4392.0	4467.0	4473.0	4539.0	4583.0	4562.0	4577.0	4668.0	4742.0	4724.0	4829.0	4875.0	4875.0	4931.0	4879.0	4889.0
Percentile	1	2	3	4	5	6	7	8	9	10	11	12	13	14	15	16	17	18	19	20	21	22	23	24	25	26	27	28	29	30	31	32	33	34	35	36	37	38	39	40	41	42	43	44	45	46	47	48	49	50	51	52	53	54	55	56	57	58	59	60	61	62	63	64	65	66	67	68	69	70	71	72	73	74	75	76	77	78	79	80	81	82	83	84	85	86	87	88	89	90	91	92	93	94	95	96	97	98	99	100
SRR900280.Aligned.sortedByCoord.out	1017.0	1061.0	1080.0	1095.0	1127.0	1150.0	1161.0	1168.0	1188.0	1228.0	1238.0	1256.0	1268.0	1287.0	1305.0	1319.0	1314.0	1298.0	1295.0	1272.0	1248.0	1210.0	1185.0	1165.0	1157.0	1175.0	1217.0	1274.0	1332.0	1413.0	1511.0	1611.0	1700.0	1794.0	1889.0	1960.0	2072.0	2141.0	2219.0	2291.0	2377.0	2466.0	2528.0	2628.0	2738.0	2857.0	2939.0	3044.0	3180.0	3237.0	3284.0	3373.0	3417.0	3497.0	3538.0	3586.0	3664.0	3697.0	3733.0	3769.0	3814.0	3842.0	3889.0	3931.0	3956.0	3986.0	4039.0	4099.0	4124.0	4162.0	4198.0	4251.0	4294.0	4358.0	4370.0	4403.0	4502.0	4536.0	4577.0	4584.0	4544.0	4520.0	4459.0	4403.0	4415.0	4427.0	4432.0	4404.0	4389.0	4401.0	4542.0	4585.0	4578.0	4644.0	4670.0	4677.0	4711.0	4662.0	4677.0
Percentile	1	2	3	4	5	6	7	8	9	10	11	12	13	14	15	16	17	18	19	20	21	22	23	24	25	26	27	28	29	30	31	32	33	34	35	36	37	38	39	40	41	42	43	44	45	46	47	48	49	50	51	52	53	54	55	56	57	58	59	60	61	62	63	64	65	66	67	68	69	70	71	72	73	74	75	76	77	78	79	80	81	82	83	84	85	86	87	88	89	90	91	92	93	94	95	96	97	98	99	100
SRR900281.Aligned.sortedByCoord.out	360.0	364.0	365.0	370.0	376.0	371.0	360.0	369.0	375.0	388.0	394.0	397.0	404.0	413.0	416.0	417.0	430.0	429.0	434.0	432.0	438.0	437.0	431.0	424.0	403.0	410.0	423.0	448.0	458.0	493.0	543.0	573.0	616.0	648.0	694.0	750.0	805.0	840.0	897.0	938.0	1011.0	1076.0	1139.0	1192.0	1241.0	1346.0	1413.0	1477.0	1563.0	1623.0	1674.0	1744.0	1791.0	1812.0	1866.0	1927.0	2084.0	2136.0	2169.0	2244.0	2274.0	2321.0	2359.0	2395.0	2434.0	2467.0	2494.0	2548.0	2571.0	2599.0	2630.0	2676.0	2706.0	2767.0	2789.0	2817.0	2932.0	3010.0	3096.0	3129.0	3178.0	3202.0	3188.0	3183.0	3173.0	3158.0	3180.0	3208.0	3192.0	3202.0	3281.0	3358.0	3361.0	3403.0	3428.0	3407.0	3449.0	3447.0	3452.0
Percentile	1	2	3	4	5	6	7	8	9	10	11	12	13	14	15	16	17	18	19	20	21	22	23	24	25	26	27	28	29	30	31	32	33	34	35	36	37	38	39	40	41	42	43	44	45	46	47	48	49	50	51	52	53	54	55	56	57	58	59	60	61	62	63	64	65	66	67	68	69	70	71	72	73	74	75	76	77	78	79	80	81	82	83	84	85	86	87	88	89	90	91	92	93	94	95	96	97	98	99	100
SRR900282.Aligned.sortedByCoord.out	628.0	630.0	635.0	638.0	645.0	653.0	646.0	647.0	656.0	672.0	677.0	687.0	696.0	703.0	702.0	714.0	722.0	722.0	735.0	728.0	723.0	708.0	685.0	668.0	651.0	648.0	647.0	671.0	676.0	705.0	755.0	781.0	812.0	868.0	907.0	944.0	992.0	1021.0	1072.0	1112.0	1171.0	1232.0	1278.0	1345.0	1387.0	1509.0	1562.0	1622.0	1722.0	1760.0	1821.0	1862.0	1905.0	1936.0	1971.0	2022.0	2115.0	2150.0	2188.0	2233.0	2265.0	2310.0	2339.0	2382.0	2416.0	2451.0	2480.0	2536.0	2542.0	2569.0	2599.0	2647.0	2680.0	2751.0	2778.0	2801.0	2918.0	2970.0	3000.0	3074.0	3139.0	3164.0	3152.0	3141.0	3164.0	3166.0	3242.0	3272.0	3253.0	3259.0	3403.0	3456.0	3458.0	3492.0	3520.0	3491.0	3552.0	3546.0	3559.0
Percentile	1	2	3	4	5	6	7	8	9	10	11	12	13	14	15	16	17	18	19	20	21	22	23	24	25	26	27	28	29	30	31	32	33	34	35	36	37	38	39	40	41	42	43	44	45	46	47	48	49	50	51	52	53	54	55	56	57	58	59	60	61	62	63	64	65	66	67	68	69	70	71	72	73	74	75	76	77	78	79	80	81	82	83	84	85	86	87	88	89	90	91	92	93	94	95	96	97	98	99	100
SRR900283.Aligned.sortedByCoord.out	7322.0	7623.0	7828.0	7978.0	8102.0	8254.0	8370.0	8451.0	8539.0	8621.0	8697.0	8789.0	8861.0	8890.0	8870.0	8842.0	8789.0	8716.0	8652.0	8616.0	8634.0	8616.0	8701.0	8752.0	8806.0	8968.0	9180.0	9424.0	9664.0	9858.0	10190.0	10442.0	10675.0	10896.0	11016.0	11154.0	11304.0	11494.0	11700.0	11886.0	12127.0	12322.0	12475.0	12696.0	12820.0	12916.0	12975.0	13128.0	13232.0	13227.0	13302.0	13383.0	13520.0	13647.0	13613.0	13695.0	13780.0	13893.0	14030.0	14147.0	14220.0	14292.0	14437.0	14540.0	14631.0	14709.0	14790.0	14818.0	14797.0	14876.0	14937.0	14924.0	14960.0	14972.0	14932.0	14929.0	15035.0	15067.0	15154.0	15164.0	15249.0	15281.0	15301.0	15319.0	15459.0	15490.0	15574.0	15650.0	15836.0	15881.0	15929.0	16063.0	16165.0	16370.0	16552.0	16607.0	16695.0	16694.0	16840.0
Percentile	1	2	3	4	5	6	7	8	9	10	11	12	13	14	15	16	17	18	19	20	21	22	23	24	25	26	27	28	29	30	31	32	33	34	35	36	37	38	39	40	41	42	43	44	45	46	47	48	49	50	51	52	53	54	55	56	57	58	59	60	61	62	63	64	65	66	67	68	69	70	71	72	73	74	75	76	77	78	79	80	81	82	83	84	85	86	87	88	89	90	91	92	93	94	95	96	97	98	99	100
SRR900284.Aligned.sortedByCoord.out	5182.0	5441.0	5609.0	5726.0	5863.0	5929.0	5992.0	6048.0	6108.0	6188.0	6265.0	6313.0	6298.0	6277.0	6280.0	6256.0	6278.0	6265.0	6239.0	6190.0	6163.0	6174.0	6175.0	6213.0	6241.0	6335.0	6506.0	6635.0	6802.0	7015.0	7192.0	7398.0	7542.0	7701.0	7848.0	7994.0	8069.0	8162.0	8343.0	8490.0	8672.0	8811.0	8909.0	9023.0	9174.0	9291.0	9380.0	9446.0	9657.0	9657.0	9700.0	9743.0	9820.0	9885.0	9894.0	10032.0	10109.0	10195.0	10239.0	10351.0	10401.0	10468.0	10516.0	10558.0	10639.0	10739.0	10805.0	10904.0	10943.0	11065.0	11158.0	11208.0	11259.0	11290.0	11294.0	11349.0	11368.0	11378.0	11367.0	11392.0	11500.0	11501.0	11549.0	11559.0	11522.0	11536.0	11589.0	11584.0	11589.0	11637.0	11638.0	11711.0	11751.0	11888.0	11943.0	12042.0	12115.0	12156.0	12233.0
Percentile	1	2	3	4	5	6	7	8	9	10	11	12	13	14	15	16	17	18	19	20	21	22	23	24	25	26	27	28	29	30	31	32	33	34	35	36	37	38	39	40	41	42	43	44	45	46	47	48	49	50	51	52	53	54	55	56	57	58	59	60	61	62	63	64	65	66	67	68	69	70	71	72	73	74	75	76	77	78	79	80	81	82	83	84	85	86	87	88	89	90	91	92	93	94	95	96	97	98	99	100
SRR900285.Aligned.sortedByCoord.out	6051.0	6372.0	6571.0	6729.0	6822.0	6864.0	6932.0	7010.0	7053.0	7113.0	7175.0	7206.0	7244.0	7250.0	7233.0	7234.0	7236.0	7237.0	7215.0	7173.0	7170.0	7322.0	7331.0	7396.0	7332.0	7591.0	7818.0	8120.0	8390.0	8663.0	8924.0	9118.0	9202.0	9501.0	9659.0	9760.0	9878.0	10032.0	10282.0	10550.0	10865.0	11103.0	11274.0	11448.0	11565.0	11799.0	11976.0	12151.0	12490.0	12546.0	12659.0	12758.0	12864.0	13058.0	13205.0	13324.0	13527.0	13744.0	13884.0	14230.0	14398.0	14568.0	14750.0	14856.0	14994.0	15114.0	15213.0	15366.0	15411.0	15533.0	15598.0	15577.0	15596.0	15577.0	15569.0	15493.0	15513.0	15412.0	15386.0	15372.0	15460.0	15485.0	15521.0	15579.0	15646.0	15647.0	15714.0	15763.0	15795.0	15932.0	16092.0	16218.0	16284.0	16465.0	16599.0	16712.0	16878.0	16933.0	17016.0
Percentile	1	2	3	4	5	6	7	8	9	10	11	12	13	14	15	16	17	18	19	20	21	22	23	24	25	26	27	28	29	30	31	32	33	34	35	36	37	38	39	40	41	42	43	44	45	46	47	48	49	50	51	52	53	54	55	56	57	58	59	60	61	62	63	64	65	66	67	68	69	70	71	72	73	74	75	76	77	78	79	80	81	82	83	84	85	86	87	88	89	90	91	92	93	94	95	96	97	98	99	100
SRR900286.Aligned.sortedByCoord.out	6263.0	6569.0	6769.0	6926.0	7045.0	7111.0	7165.0	7224.0	7286.0	7364.0	7446.0	7500.0	7568.0	7587.0	7600.0	7576.0	7563.0	7564.0	7558.0	7566.0	7561.0	7543.0	7606.0	7645.0	7591.0	7729.0	7875.0	8023.0	8272.0	8520.0	8796.0	8992.0	9230.0	9434.0	9597.0	9738.0	9820.0	9943.0	10114.0	10241.0	10412.0	10542.0	10701.0	10834.0	10893.0	11100.0	11182.0	11260.0	11371.0	11349.0	11433.0	11482.0	11555.0	11656.0	11771.0	11930.0	12057.0	12122.0	12276.0	12354.0	12473.0	12549.0	12609.0	12674.0	12780.0	12933.0	13004.0	13236.0	13361.0	13401.0	13460.0	13568.0	13641.0	13668.0	13716.0	13748.0	13823.0	13943.0	13944.0	14007.0	14036.0	14129.0	14205.0	14268.0	14395.0	14437.0	14427.0	14429.0	14593.0	14715.0	14938.0	15147.0	15218.0	15329.0	15509.0	15586.0	15718.0	15791.0	15904.0
Percentile	1	2	3	4	5	6	7	8	9	10	11	12	13	14	15	16	17	18	19	20	21	22	23	24	25	26	27	28	29	30	31	32	33	34	35	36	37	38	39	40	41	42	43	44	45	46	47	48	49	50	51	52	53	54	55	56	57	58	59	60	61	62	63	64	65	66	67	68	69	70	71	72	73	74	75	76	77	78	79	80	81	82	83	84	85	86	87	88	89	90	91	92	93	94	95	96	97	98	99	100
SRR900287.Aligned.sortedByCoord.out	6485.0	6800.0	7011.0	7216.0	7351.0	7453.0	7521.0	7623.0	7701.0	7772.0	7854.0	7955.0	7996.0	7997.0	7973.0	7976.0	7957.0	7930.0	7899.0	7846.0	7825.0	7807.0	7829.0	7899.0	7875.0	8003.0	8185.0	8463.0	8695.0	8914.0	9164.0	9421.0	9666.0	9783.0	9946.0	10096.0	10243.0	10419.0	10539.0	10743.0	10953.0	11255.0	11474.0	11725.0	11834.0	11971.0	12154.0	12343.0	12595.0	12646.0	12700.0	12725.0	12876.0	13044.0	13070.0	13190.0	13353.0	13379.0	13496.0	13674.0	13704.0	13757.0	13794.0	13875.0	13981.0	14077.0	14181.0	14371.0	14472.0	14568.0	14662.0	14750.0	14842.0	15005.0	15037.0	15047.0	15027.0	15012.0	15012.0	15117.0	15081.0	15047.0	15072.0	15125.0	15151.0	15260.0	15259.0	15294.0	15590.0	15673.0	15775.0	15978.0	16007.0	16224.0	16315.0	16345.0	16433.0	16481.0	16582.0
Percentile	1	2	3	4	5	6	7	8	9	10	11	12	13	14	15	16	17	18	19	20	21	22	23	24	25	26	27	28	29	30	31	32	33	34	35	36	37	38	39	40	41	42	43	44	45	46	47	48	49	50	51	52	53	54	55	56	57	58	59	60	61	62	63	64	65	66	67	68	69	70	71	72	73	74	75	76	77	78	79	80	81	82	83	84	85	86	87	88	89	90	91	92	93	94	95	96	97	98	99	100
SRR900288.Aligned.sortedByCoord.out	6397.0	6649.0	6842.0	6974.0	7083.0	7177.0	7288.0	7365.0	7422.0	7477.0	7484.0	7545.0	7576.0	7583.0	7546.0	7557.0	7548.0	7591.0	7584.0	7565.0	7584.0	7610.0	7631.0	7610.0	7567.0	7683.0	7841.0	8032.0	8169.0	8394.0	8600.0	8836.0	9001.0	9137.0	9313.0	9427.0	9592.0	9742.0	9899.0	10054.0	10199.0	10314.0	10450.0	10571.0	10697.0	10919.0	11000.0	11120.0	11255.0	11272.0	11327.0	11335.0	11457.0	11543.0	11609.0	11646.0	11746.0	11848.0	11920.0	12106.0	12196.0	12247.0	12302.0	12358.0	12461.0	12528.0	12601.0	12677.0	12705.0	12743.0	12772.0	12800.0	12815.0	12887.0	12928.0	12944.0	13010.0	13061.0	13173.0	13190.0	13217.0	13252.0	13245.0	13326.0	13362.0	13387.0	13407.0	13497.0	13496.0	13547.0	13629.0	13715.0	13769.0	13903.0	14006.0	14077.0	14147.0	14257.0	14363.0
Percentile	1	2	3	4	5	6	7	8	9	10	11	12	13	14	15	16	17	18	19	20	21	22	23	24	25	26	27	28	29	30	31	32	33	34	35	36	37	38	39	40	41	42	43	44	45	46	47	48	49	50	51	52	53	54	55	56	57	58	59	60	61	62	63	64	65	66	67	68	69	70	71	72	73	74	75	76	77	78	79	80	81	82	83	84	85	86	87	88	89	90	91	92	93	94	95	96	97	98	99	100
SRR900289.Aligned.sortedByCoord.out	5890.0	6189.0	6352.0	6463.0	6515.0	6580.0	6631.0	6700.0	6740.0	6748.0	6747.0	6775.0	6776.0	6766.0	6760.0	6748.0	6746.0	6707.0	6643.0	6571.0	6538.0	6515.0	6462.0	6403.0	6292.0	6333.0	6414.0	6564.0	6686.0	6936.0	7109.0	7261.0	7375.0	7484.0	7638.0	7804.0	8138.0	8347.0	8517.0	8763.0	8990.0	9160.0	9342.0	9485.0	9653.0	9798.0	9865.0	10025.0	10289.0	10096.0	10203.0	10313.0	10474.0	10595.0	10724.0	10881.0	10986.0	11112.0	11207.0	11391.0	11558.0	11631.0	11766.0	11955.0	12144.0	12260.0	12394.0	12497.0	12611.0	12730.0	12896.0	13015.0	13109.0	13184.0	13252.0	13325.0	13352.0	13424.0	13563.0	14373.0	14401.0	14436.0	14503.0	14487.0	14474.0	14466.0	14446.0	14395.0	14452.0	14507.0	14754.0	14887.0	14943.0	15059.0	15201.0	15308.0	15418.0	15451.0	15646.0
Percentile	1	2	3	4	5	6	7	8	9	10	11	12	13	14	15	16	17	18	19	20	21	22	23	24	25	26	27	28	29	30	31	32	33	34	35	36	37	38	39	40	41	42	43	44	45	46	47	48	49	50	51	52	53	54	55	56	57	58	59	60	61	62	63	64	65	66	67	68	69	70	71	72	73	74	75	76	77	78	79	80	81	82	83	84	85	86	87	88	89	90	91	92	93	94	95	96	97	98	99	100
SRR900290.Aligned.sortedByCoord.out	5438.0	5732.0	5917.0	6091.0	6212.0	6306.0	6376.0	6474.0	6542.0	6623.0	6678.0	6732.0	6734.0	6741.0	6766.0	6777.0	6786.0	6771.0	6795.0	6794.0	6798.0	6776.0	6776.0	6788.0	6796.0	6909.0	7062.0	7292.0	7434.0	7667.0	7852.0	8085.0	8278.0	8412.0	8569.0	8671.0	8819.0	8938.0	9055.0	9125.0	9223.0	9328.0	9393.0	9456.0	9548.0	9699.0	9781.0	9847.0	10001.0	9976.0	10029.0	10104.0	10180.0	10235.0	10243.0	10373.0	10420.0	10476.0	10532.0	10638.0	10741.0	10841.0	10942.0	10991.0	10993.0	11056.0	11047.0	11099.0	11123.0	11125.0	11117.0	11139.0	11146.0	11143.0	11131.0	11153.0	11185.0	11214.0	11187.0	11184.0	11211.0	11106.0	11104.0	11112.0	11128.0	11136.0	11117.0	11130.0	11261.0	11347.0	11565.0	11780.0	11841.0	11990.0	12146.0	12258.0	12644.0	12673.0	12753.0
